%YAML:1.0

#--------------------------------------------------------------------------------------------
# Camera Parameters. Adjust them!
#--------------------------------------------------------------------------------------------

# Camera calibration and distortion parameters (OpenCV)
Camera.fx: 1927.2682
Camera.fy: 1918.05
Camera.cx: 647.069
Camera.cy: 259.45
# 518.905

Camera.k1: -0.257
Camera.k2: 0.246
Camera.p1: 0
Camera.p2: 0

Camera.width: 1280
Camera.height: 524
# 1024

# Camera frames per second
Camera.fps: 44.0

# stereo baseline times fx
Camera.bf: 600.5

# Color order of the images (0: BGR, 1: RGB. It is ignored if images are grayscale)
Camera.RGB: 1

# Close/Far threshold. Baseline times.
ThDepth: 96

#--------------------------------------------------------------------------------------------
# Stereo Rectification. Only if you need to pre-rectify the images.
# Camera.fx, .fy, etc must be the same as in LEFT.P
#--------------------------------------------------------------------------------------------
LEFT.height: 1024
LEFT.width: 1280
LEFT.D: !!opencv-matrix
   rows: 1
   cols: 5
   dt: d
   data: [-0.2568, 0.2459, 0., 0., 0.00645]
LEFT.K: !!opencv-matrix
   rows: 3
   cols: 3
   dt: d
  # data: [ 1927.268, 0., 647.069, 0., 1918.05, 518.91, 0., 0., 1. ]
   data: [ 1927.26818, 0., 647.069, 0., 1918.05, 518.90, 0., 0., 1. ]
LEFT.R:  !!opencv-matrix
   rows: 3
   cols: 3
   dt: d
   data: [1.0, 0.00023907485730151332, -0.009317728477692798, -0.00023249223466347772, 1.0, 0.000707538936089545, 0.009317895048358416, -0.00070534190139804, 1.0]
LEFT.P:  !!opencv-matrix
   rows: 3
   cols: 4
   dt: d
   data:  [1828.1128976304058, 0.0, 637.1966094970703, 0.0, 0.0, 1828.1128976304058, 524.675075531, 0.0, 0.0, 0.0, 1.0, 0.0]

RIGHT.height: 1024
RIGHT.width: 1280
RIGHT.D: !!opencv-matrix
   rows: 1
   cols: 5
   dt: d
   data: [ -0.2548, 0.2316, 0., 0., -0.17]
RIGHT.K: !!opencv-matrix
   rows: 3
   cols: 3
   dt: d
   data: [ 1926.6208, 0., 639.948, 0., 1917.6576, 529.7769, 0., 0., 1. ]
RIGHT.R:  !!opencv-matrix
   rows: 3
   cols: 3
   dt: d
   data: [1.0, 0.00020380852651911185, 0.01560350752560512, -0.0001927850719930669, 1.0, -0.000707973749742099, -0.015603647616282358, 0.0007048794214795659, 1.0]

RIGHT.P:  !!opencv-matrix
   rows: 3
   cols: 4
   dt: d
   data: [1828.1128976304058, 0.0, 637.1966094970703, -1097.898, 0.0, 1828.1128976304058, 524.6750755310059, 0.0, 0.0, 0.0, 1.0, 0.0]

#--------------------------------------------------------------------------------------------
# ORB Parameters
#--------------------------------------------------------------------------------------------

# ORB Extractor: Number of features per image
ORBextractor.nFeatures: 1300

# ORB Extractor: Scale factor between levels in the scale pyramid
ORBextractor.scaleFactor: 1.2

# ORB Extractor: Number of levels in the scale pyramid
ORBextractor.nLevels: 9

# ORB Extractor: Fast threshold
# Image is divided in a grid. At each cell FAST are extracted imposing a minimum response.
# Firstly we impose iniThFAST. If no corners are detected we impose a lower value minThFAST
# You can lower these values if your images have low contrast
ORBextractor.iniThFAST: 30
ORBextractor.minThFAST: 7

#--------------------------------------------------------------------------------------------
# Viewer Parameters
#--------------------------------------------------------------------------------------------
Viewer.KeyFrameSize: 0.05
Viewer.KeyFrameLineWidth: 1
Viewer.GraphLineWidth: 0.9
Viewer.PointSize:2
Viewer.CameraSize: 0.08
Viewer.CameraLineWidth: 3
Viewer.ViewpointX: 0
Viewer.ViewpointY: -0.7
Viewer.ViewpointZ: -1.8
Viewer.ViewpointF: 500
